#ifndef LIONHEART_H
#define LIONHEART_H
#include "unit.h"
${tla_includes}

#include "lionheart2.h"

bool noPlay[NUMTLAS]={
    1,     0,     0,     0,     0,     0,     1,     0,     0,     0,
    1,     1,     0,     0,     0,     1,     0,     0,     0,     0,
    1,     0,     0,     0,     0,     0,     0,     0,     0,     1,
    0,     0,     0,     0,     0,     0,     0,     1,     0,     0,
    0,     0,     1,     0,     0,     0,     1,     0,     0,     0,
    1,     0,     0,     0,     0,     0,     0,     0,     0,     1,
    1,     0,     0,     1,     1,     0,     0,     0,     0,     0,
    0,     1,     0,     0,     0,     0,     0,     0,     1,     0,
    1,     0,     0,     0,     0,     0,     1,     1,     0,     1,
    1,     1,     0,     0,     0,     1,     0,     1,     0,     1,
    0,     0,     1,     0,     1,     0,     0,     0,     0,     0,
    0,     1,     0,     0,     0,     0,     0,     0,     0,     0,
    1,     0,     0,     0,     0,     0,     0,     0,     0,     1,
    0,     0,     0,     0,     0,     1,     0,     1,     0,     0,
    1,     0,     0,     0,     0,     0,     0,     0,     0,     0,
    0,     1,     0,     0,     1,     1,     0,     0,     0,     0,
    0,     1,     1,     0,     0,     1,     1,     0,     0,     0
};
static const string tlalist[NUMTLAS+1]={
${tla_list}""
};
#endif
